#Wafer120502_z6s6_GK02_UI_Kennlinie 13.08.2012 13:00
#Axis X: V3
#Axis Y: I3
#Axis Y2: 
#VAR2: na Start: 0.000E+0 Stepsize: 100.000E-3
#UI_Kennlinie
-1.000000E+0	1.000000E-10
-9.899497E-1	1.550000E-10
-9.798995E-1	8.499900E-11
-9.698492E-1	1.000000E-10
-9.597990E-1	1.800000E-10
-9.497487E-1	1.200000E-10
-9.396985E-1	8.000000E-11
-9.296482E-1	9.500000E-11
-9.195980E-1	1.300000E-10
-9.095477E-1	1.950000E-10
-8.994975E-1	-6.000200E-11
-8.894472E-1	5.500000E-11
-8.793970E-1	8.000000E-11
-8.693467E-1	8.499900E-11
-8.592965E-1	1.450000E-10
-8.492462E-1	1.200000E-10
-8.391960E-1	1.400000E-10
-8.291457E-1	1.050000E-10
-8.190955E-1	1.100000E-10
-8.090452E-1	1.100000E-10
-7.989950E-1	8.000000E-11
-7.889447E-1	7.500200E-11
-7.788945E-1	1.150000E-10
-7.688442E-1	1.250000E-10
-7.587940E-1	-6.000200E-11
-7.487437E-1	1.500000E-11
-7.386935E-1	2.000000E-11
-7.286432E-1	-5.500000E-11
-7.185930E-1	-4.500100E-11
-7.085427E-1	-5.000100E-11
-6.984925E-1	-6.999900E-11
-6.884422E-1	-1.450000E-10
-6.783920E-1	-1.350000E-10
-6.683417E-1	-1.350000E-10
-6.582915E-1	-1.800000E-10
-6.482412E-1	5.000000E-12
-6.381910E-1	-1.250000E-10
-6.281407E-1	-2.250000E-10
-6.180905E-1	-6.000200E-11
-6.080402E-1	3.500000E-11
-5.979899E-1	-9.000100E-11
-5.879397E-1	-2.400100E-10
-5.778894E-1	-1.450000E-10
-5.678392E-1	-4.999800E-12
-5.577889E-1	-7.999600E-11
-5.477387E-1	-4.500100E-11
-5.376884E-1	-1.050000E-10
-5.276382E-1	-1.150000E-10
-5.175879E-1	-2.500000E-11
-5.075377E-1	2.500000E-11
-4.974874E-1	0.000000E+0
-4.874372E-1	-1.100000E-10
-4.773869E-1	-9.500000E-11
-4.673367E-1	-5.500000E-11
-4.572864E-1	-4.999800E-12
-4.472362E-1	4.000000E-11
-4.371859E-1	1.000000E-11
-4.271357E-1	5.000100E-11
-4.170854E-1	5.500000E-11
-4.070352E-1	6.500100E-11
-3.969849E-1	-1.250000E-10
-3.869347E-1	-1.999900E-11
-3.768844E-1	5.500000E-11
-3.668342E-1	-4.999800E-12
-3.567839E-1	1.500000E-11
-3.467337E-1	-4.500100E-11
-3.366834E-1	-7.999600E-11
-3.266332E-1	-1.500000E-11
-3.165829E-1	-3.500000E-11
-3.065327E-1	2.500000E-11
-2.964824E-1	1.000000E-11
-2.864322E-1	-1.050000E-10
-2.763819E-1	-5.000100E-11
-2.663317E-1	-5.000100E-11
-2.562814E-1	1.000000E-11
-2.462312E-1	5.500000E-11
-2.361809E-1	-4.500100E-11
-2.261307E-1	-9.500000E-11
-2.160804E-1	-4.500100E-11
-2.060302E-1	-3.999800E-11
-1.959799E-1	-4.500100E-11
-1.859296E-1	-1.150000E-10
-1.758794E-1	-6.000200E-11
-1.658291E-1	-5.000100E-11
-1.557789E-1	-7.500200E-11
-1.457286E-1	-1.500000E-11
-1.356784E-1	-5.500000E-11
-1.256281E-1	-9.999500E-12
-1.155779E-1	-3.999800E-11
-1.055276E-1	-1.050000E-10
-9.547739E-2	-1.300000E-10
-8.542714E-2	-6.500100E-11
-7.537688E-2	1.500000E-11
-6.532663E-2	1.350000E-10
-5.527638E-2	6.999900E-11
-4.522613E-2	-2.500000E-11
-3.517588E-2	-1.999900E-11
-2.512563E-2	5.000100E-11
-1.507538E-2	4.500100E-11
-5.025126E-3	-6.500100E-11
5.025126E-3	9.500000E-11
1.507538E-2	3.000100E-11
2.512563E-2	4.500100E-11
3.517588E-2	9.000100E-11
4.522613E-2	1.200000E-10
5.527638E-2	1.100000E-10
6.532663E-2	1.550000E-10
7.537688E-2	6.999900E-11
8.542714E-2	1.100000E-10
9.547739E-2	1.800000E-10
1.055276E-1	8.499900E-11
1.155779E-1	1.700000E-10
1.256281E-1	1.600000E-10
1.356784E-1	8.000000E-11
1.457286E-1	1.000000E-10
1.557789E-1	6.999900E-11
1.658291E-1	8.499900E-11
1.758794E-1	6.000200E-11
1.859296E-1	1.350000E-10
1.959799E-1	1.150000E-10
2.060302E-1	1.100000E-10
2.160804E-1	1.200000E-10
2.261307E-1	9.000100E-11
2.361809E-1	-1.500000E-11
2.462312E-1	2.000000E-10
2.562814E-1	1.150000E-10
2.663317E-1	1.500000E-10
2.763819E-1	2.749900E-10
2.864322E-1	1.450000E-10
2.964824E-1	1.050000E-10
3.065327E-1	1.200000E-10
3.165829E-1	7.500200E-11
3.266332E-1	1.150000E-10
3.366834E-1	1.950000E-10
3.467337E-1	6.500100E-11
3.567839E-1	1.050000E-10
3.668342E-1	6.999900E-11
3.768844E-1	2.500000E-11
3.869347E-1	9.000100E-11
3.969849E-1	1.500000E-11
4.070352E-1	8.499900E-11
4.170854E-1	-3.999800E-11
4.271357E-1	-4.999800E-12
4.371859E-1	-3.500000E-11
4.472362E-1	-7.999600E-11
4.572864E-1	-4.500100E-11
4.673367E-1	-9.999500E-12
4.773869E-1	-2.500000E-11
4.874372E-1	-2.200000E-10
4.974874E-1	-1.200000E-10
5.075377E-1	-1.300000E-10
5.175879E-1	-1.050000E-10
5.276382E-1	-1.500000E-10
5.376884E-1	-3.000100E-11
5.477387E-1	-1.100000E-10
5.577889E-1	-1.550000E-10
5.678392E-1	-9.000100E-11
5.778894E-1	-1.850000E-10
5.879397E-1	-8.499900E-11
5.979899E-1	-6.999900E-11
6.080402E-1	-1.350000E-10
6.180905E-1	-1.750000E-10
6.281407E-1	-1.650000E-10
6.381910E-1	-9.500000E-11
6.482412E-1	5.000000E-12
6.582915E-1	5.000100E-11
6.683417E-1	-1.450000E-10
6.783920E-1	-1.450000E-10
6.884422E-1	-1.100000E-10
6.984925E-1	-3.999800E-11
7.085427E-1	0.000000E+0
7.185930E-1	-9.500000E-11
7.286432E-1	-1.999900E-11
7.386935E-1	5.000100E-11
7.487437E-1	2.500000E-11
7.587940E-1	5.500000E-11
7.688442E-1	3.500000E-11
7.788945E-1	5.500000E-11
7.889447E-1	7.500200E-11
7.989950E-1	1.000000E-10
8.090452E-1	9.000100E-11
8.190955E-1	-1.500000E-11
8.291457E-1	4.000000E-11
8.391960E-1	8.499900E-11
8.492462E-1	4.500100E-11
8.592965E-1	3.500000E-11
8.693467E-1	-9.999500E-12
8.793970E-1	1.000000E-11
8.894472E-1	-1.500000E-11
8.994975E-1	-7.999600E-11
9.095477E-1	-5.000100E-11
9.195980E-1	-6.999900E-11
9.296482E-1	-1.999900E-11
9.396985E-1	-4.500100E-11
9.497487E-1	-1.050000E-10
9.597990E-1	-3.500000E-11
9.698492E-1	-9.000100E-11
9.798995E-1	-8.499900E-11
9.899497E-1	-6.500100E-11
1.000000E+0	-9.500000E-11
