#Wafer120502_z6s6_BU_*-1_UI_Kennlinie 13.08.2012 12:24
#Axis X: V3
#Axis Y: I3
#Axis Y2: 
#VAR2: na Start: 0.000E+0 Stepsize: 100.000E-3
#UI_Kennlinie
-1.000000E+0	-1.789000E-3
-9.899497E-1	-1.727500E-3
-9.798995E-1	-1.667000E-3
-9.698492E-1	-1.606500E-3
-9.597990E-1	-1.546000E-3
-9.497487E-1	-1.486500E-3
-9.396985E-1	-1.427500E-3
-9.296482E-1	-1.369000E-3
-9.195980E-1	-1.315500E-3
-9.095477E-1	-1.258500E-3
-8.994975E-1	-1.202500E-3
-8.894472E-1	-1.147000E-3
-8.793970E-1	-1.092500E-3
-8.693467E-1	-1.038500E-3
-8.592965E-1	-9.856200E-4
-8.492462E-1	-9.336200E-4
-8.391960E-1	-8.824200E-4
-8.291457E-1	-8.318100E-4
-8.190955E-1	-7.823700E-4
-8.090452E-1	-7.337000E-4
-7.989950E-1	-6.861100E-4
-7.889447E-1	-6.396500E-4
-7.788945E-1	-5.942600E-4
-7.688442E-1	-5.496100E-4
-7.587940E-1	-5.063100E-4
-7.487437E-1	-4.639500E-4
-7.386935E-1	-4.231500E-4
-7.286432E-1	-3.834100E-4
-7.185930E-1	-3.454100E-4
-7.085427E-1	-3.086000E-4
-6.984925E-1	-2.736000E-4
-6.884422E-1	-2.401000E-4
-6.783920E-1	-2.087000E-4
-6.683417E-1	-1.793000E-4
-6.582915E-1	-1.522500E-4
-6.482412E-1	-1.275000E-4
-6.381910E-1	-1.054000E-4
-6.281407E-1	-8.611700E-5
-6.180905E-1	-6.935400E-5
-6.080402E-1	-5.516400E-5
-5.979899E-1	-4.366400E-5
-5.879397E-1	-3.435500E-5
-5.778894E-1	-2.707000E-5
-5.678392E-1	-2.142500E-5
-5.577889E-1	-1.711000E-5
-5.477387E-1	-1.380500E-5
-5.376884E-1	-1.128500E-5
-5.276382E-1	-9.315600E-6
-5.175879E-1	-7.784900E-6
-5.075377E-1	-6.556500E-6
-4.974874E-1	-5.574900E-6
-4.874372E-1	-4.764400E-6
-4.773869E-1	-4.090400E-6
-4.673367E-1	-3.528000E-6
-4.572864E-1	-3.051900E-6
-4.472362E-1	-2.639900E-6
-4.371859E-1	-2.286500E-6
-4.271357E-1	-1.978900E-6
-4.170854E-1	-1.711500E-6
-4.070352E-1	-1.476500E-6
-3.969849E-1	-1.272000E-6
-3.869347E-1	-1.087500E-6
-3.768844E-1	-9.260200E-7
-3.668342E-1	-7.808000E-7
-3.567839E-1	-6.523300E-7
-3.467337E-1	-5.371400E-7
-3.366834E-1	-4.349000E-7
-3.266332E-1	-3.423500E-7
-3.165829E-1	-2.599000E-7
-3.065327E-1	-1.849500E-7
-2.964824E-1	-1.182000E-7
-2.864322E-1	-5.535500E-8
-2.763819E-1	1.270000E-10
-2.663317E-1	4.920000E-8
-2.562814E-1	9.316500E-8
-2.462312E-1	1.339500E-7
-2.361809E-1	1.706000E-7
-2.261307E-1	2.038400E-7
-2.160804E-1	2.338000E-7
-2.060302E-1	2.613500E-7
-1.959799E-1	2.860900E-7
-1.859296E-1	3.088900E-7
-1.758794E-1	3.296400E-7
-1.658291E-1	3.484900E-7
-1.557789E-1	3.654400E-7
-1.457286E-1	3.813900E-7
-1.356784E-1	3.954500E-7
-1.256281E-1	4.084000E-7
-1.155779E-1	4.199000E-7
-1.055276E-1	4.304500E-7
-9.547739E-2	4.397900E-7
-8.542714E-2	4.483400E-7
-7.537688E-2	4.560000E-7
-6.532663E-2	4.627900E-7
-5.527638E-2	4.689900E-7
-4.522613E-2	4.743500E-7
-3.517588E-2	4.792800E-7
-2.512563E-2	4.835300E-7
-1.507538E-2	4.872300E-7
-5.025126E-3	4.906300E-7
5.025126E-3	4.936900E-7
1.507538E-2	4.963900E-7
2.512563E-2	4.987500E-7
3.517588E-2	5.005800E-7
4.522613E-2	5.023900E-7
5.527638E-2	5.039000E-7
6.532663E-2	5.053000E-7
7.537688E-2	5.067000E-7
8.542714E-2	5.076300E-7
9.547739E-2	5.087900E-7
1.055276E-1	5.097500E-7
1.155779E-1	5.106000E-7
1.256281E-1	5.115300E-7
1.356784E-1	5.123400E-7
1.457286E-1	5.131000E-7
1.557789E-1	5.140900E-7
1.658291E-1	5.149900E-7
1.758794E-1	5.157500E-7
1.859296E-1	5.163300E-7
1.959799E-1	5.171500E-7
2.060302E-1	5.179300E-7
2.160804E-1	5.186000E-7
2.261307E-1	5.193900E-7
2.361809E-1	5.198800E-7
2.462312E-1	5.204300E-7
2.562814E-1	5.211300E-7
2.663317E-1	5.218900E-7
2.763819E-1	5.225000E-7
2.864322E-1	5.232000E-7
2.964824E-1	5.237800E-7
3.065327E-1	5.243900E-7
3.165829E-1	5.250900E-7
3.266332E-1	5.256400E-7
3.366834E-1	5.264300E-7
3.467337E-1	5.270400E-7
3.567839E-1	5.275300E-7
3.668342E-1	5.281800E-7
3.768844E-1	5.287000E-7
3.869347E-1	5.294000E-7
3.969849E-1	5.298900E-7
4.070352E-1	5.305000E-7
4.170854E-1	5.310900E-7
4.271357E-1	5.315800E-7
4.371859E-1	5.322500E-7
4.472362E-1	5.328900E-7
4.572864E-1	5.334400E-7
4.673367E-1	5.338800E-7
4.773869E-1	5.345500E-7
4.874372E-1	5.351900E-7
4.974874E-1	5.356800E-7
5.075377E-1	5.361800E-7
5.175879E-1	5.367300E-7
5.276382E-1	5.372300E-7
5.376884E-1	5.378400E-7
5.477387E-1	5.383000E-7
5.577889E-1	5.386500E-7
5.678392E-1	5.390000E-7
5.778894E-1	5.395000E-7
5.879397E-1	5.398500E-7
5.979899E-1	5.404900E-7
6.080402E-1	5.408400E-7
6.180905E-1	5.413900E-7
6.281407E-1	5.416500E-7
6.381910E-1	5.419400E-7
6.482412E-1	5.424900E-7
6.582915E-1	5.429000E-7
6.683417E-1	5.434800E-7
6.783920E-1	5.437500E-7
6.884422E-1	5.441500E-7
6.984925E-1	5.445900E-7
7.085427E-1	5.450900E-7
7.185930E-1	5.455800E-7
7.286432E-1	5.459300E-7
7.386935E-1	5.466300E-7
7.487437E-1	5.470400E-7
7.587940E-1	5.475300E-7
7.688442E-1	5.483400E-7
7.788945E-1	5.489800E-7
7.889447E-1	5.496000E-7
7.989950E-1	5.502400E-7
8.090452E-1	5.507900E-7
8.190955E-1	5.512300E-7
8.291457E-1	5.514900E-7
8.391960E-1	5.517800E-7
8.492462E-1	5.522400E-7
8.592965E-1	5.523900E-7
8.693467E-1	5.528300E-7
8.793970E-1	5.532900E-7
8.894472E-1	5.536400E-7
8.994975E-1	5.541400E-7
9.095477E-1	5.546000E-7
9.195980E-1	5.549800E-7
9.296482E-1	5.554700E-7
9.396985E-1	5.559400E-7
9.497487E-1	5.563800E-7
9.597990E-1	5.567800E-7
9.698492E-1	5.570800E-7
9.798995E-1	5.577500E-7
9.899497E-1	5.579800E-7
1.000000E+0	5.581800E-7
