#Wafer120502_z6s6_GK01_UI_Kennlinie 13.08.2012 13:01
#Axis X: V3
#Axis Y: I3
#Axis Y2: 
#VAR2: na Start: 0.000E+0 Stepsize: 100.000E-3
#UI_Kennlinie
-1.000000E+0	-5.313200E-3
-9.899497E-1	-5.052100E-3
-9.798995E-1	-4.782400E-3
-9.698492E-1	-4.514500E-3
-9.597990E-1	-4.247400E-3
-9.497487E-1	-3.988500E-3
-9.396985E-1	-3.734000E-3
-9.296482E-1	-3.487000E-3
-9.195980E-1	-3.246500E-3
-9.095477E-1	-3.033500E-3
-8.994975E-1	-2.809500E-3
-8.894472E-1	-2.595500E-3
-8.793970E-1	-2.389100E-3
-8.693467E-1	-2.192000E-3
-8.592965E-1	-2.005000E-3
-8.492462E-1	-1.828500E-3
-8.391960E-1	-1.660000E-3
-8.291457E-1	-1.501500E-3
-8.190955E-1	-1.352500E-3
-8.090452E-1	-1.213500E-3
-7.989950E-1	-1.083500E-3
-7.889447E-1	-9.643100E-4
-7.788945E-1	-8.525600E-4
-7.688442E-1	-7.503600E-4
-7.587940E-1	-6.563700E-4
-7.487437E-1	-5.708000E-4
-7.386935E-1	-4.929000E-4
-7.286432E-1	-4.231000E-4
-7.185930E-1	-3.603600E-4
-7.085427E-1	-3.043600E-4
-6.984925E-1	-2.544100E-4
-6.884422E-1	-2.107000E-4
-6.783920E-1	-1.724000E-4
-6.683417E-1	-1.395500E-4
-6.582915E-1	-1.113500E-4
-6.482412E-1	-8.818900E-5
-6.381910E-1	-6.844800E-5
-6.281407E-1	-5.248900E-5
-6.180905E-1	-3.978400E-5
-6.080402E-1	-2.998500E-5
-5.979899E-1	-2.247500E-5
-5.879397E-1	-1.693500E-5
-5.778894E-1	-1.279000E-5
-5.678392E-1	-9.791000E-6
-5.577889E-1	-7.581900E-6
-5.477387E-1	-5.974000E-6
-5.376884E-1	-4.785400E-6
-5.276382E-1	-3.910400E-6
-5.175879E-1	-3.241000E-6
-5.075377E-1	-2.733400E-6
-4.974874E-1	-2.340500E-6
-4.874372E-1	-2.036000E-6
-4.773869E-1	-1.791500E-6
-4.673367E-1	-1.598500E-6
-4.572864E-1	-1.440000E-6
-4.472362E-1	-1.308500E-6
-4.371859E-1	-1.197000E-6
-4.271357E-1	-1.102500E-6
-4.170854E-1	-1.018500E-6
-4.070352E-1	-9.445300E-7
-3.969849E-1	-8.773300E-7
-3.869347E-1	-8.165400E-7
-3.768844E-1	-7.598400E-7
-3.668342E-1	-7.074300E-7
-3.567839E-1	-6.582400E-7
-3.467337E-1	-6.122000E-7
-3.366834E-1	-5.689500E-7
-3.266332E-1	-5.280300E-7
-3.165829E-1	-4.886500E-7
-3.065327E-1	-4.516500E-7
-2.964824E-1	-4.164500E-7
-2.864322E-1	-3.832400E-7
-2.763819E-1	-3.514400E-7
-2.663317E-1	-3.215400E-7
-2.562814E-1	-2.929900E-7
-2.462312E-1	-2.660400E-7
-2.361809E-1	-2.403400E-7
-2.261307E-1	-2.162000E-7
-2.160804E-1	-1.931500E-7
-2.060302E-1	-1.718000E-7
-1.959799E-1	-1.513500E-7
-1.859296E-1	-1.323500E-7
-1.758794E-1	-1.144000E-7
-1.658291E-1	-9.736300E-8
-1.557789E-1	-8.167600E-8
-1.457286E-1	-6.723000E-8
-1.356784E-1	-5.368000E-8
-1.256281E-1	-4.124600E-8
-1.155779E-1	-2.973000E-8
-1.055276E-1	-1.911500E-8
-9.547739E-2	-9.420100E-9
-8.542714E-2	-6.849900E-10
-7.537688E-2	7.464700E-9
-6.532663E-2	1.486500E-8
-5.527638E-2	2.126500E-8
-4.522613E-2	2.689500E-8
-3.517588E-2	3.189400E-8
-2.512563E-2	3.628500E-8
-1.507538E-2	4.006000E-8
-5.025126E-3	4.333900E-8
5.025126E-3	4.615500E-8
1.507538E-2	4.850000E-8
2.512563E-2	5.050400E-8
3.517588E-2	5.222500E-8
4.522613E-2	5.364000E-8
5.527638E-2	5.477500E-8
6.532663E-2	5.571000E-8
7.537688E-2	5.647900E-8
8.542714E-2	5.712000E-8
9.547739E-2	5.768600E-8
1.055276E-1	5.814600E-8
1.155779E-1	5.853500E-8
1.256281E-1	5.888100E-8
1.356784E-1	5.923500E-8
1.457286E-1	5.951900E-8
1.557789E-1	5.980100E-8
1.658291E-1	6.007400E-8
1.758794E-1	6.034700E-8
1.859296E-1	6.060500E-8
1.959799E-1	6.086300E-8
2.060302E-1	6.110300E-8
2.160804E-1	6.132200E-8
2.261307E-1	6.158400E-8
2.361809E-1	6.183500E-8
2.462312E-1	6.207800E-8
2.562814E-1	6.230400E-8
2.663317E-1	6.255100E-8
2.763819E-1	6.278400E-8
2.864322E-1	6.301300E-8
2.964824E-1	6.327500E-8
3.065327E-1	6.351500E-8
3.165829E-1	6.372600E-8
3.266332E-1	6.398100E-8
3.366834E-1	6.421400E-8
3.467337E-1	6.446500E-8
3.567839E-1	6.473400E-8
3.668342E-1	6.494500E-8
3.768844E-1	6.520000E-8
3.869347E-1	6.542100E-8
3.969849E-1	6.569800E-8
4.070352E-1	6.592300E-8
4.170854E-1	6.613800E-8
4.271357E-1	6.637500E-8
4.371859E-1	6.659300E-8
4.472362E-1	6.681900E-8
4.572864E-1	6.705500E-8
4.673367E-1	6.728100E-8
4.773869E-1	6.748400E-8
4.874372E-1	6.771000E-8
4.974874E-1	6.790600E-8
5.075377E-1	6.813600E-8
5.175879E-1	6.832500E-8
5.276382E-1	6.852100E-8
5.376884E-1	6.874300E-8
5.477387E-1	6.891100E-8
5.577889E-1	6.915100E-8
5.678392E-1	6.933600E-8
5.778894E-1	6.949600E-8
5.879397E-1	6.968900E-8
5.979899E-1	6.984900E-8
6.080402E-1	7.003500E-8
6.180905E-1	7.022000E-8
6.281407E-1	7.036900E-8
6.381910E-1	7.055800E-8
6.482412E-1	7.071100E-8
6.582915E-1	7.088600E-8
6.683417E-1	7.106400E-8
6.783920E-1	7.122400E-8
6.884422E-1	7.140600E-8
6.984925E-1	7.158100E-8
7.085427E-1	7.170800E-8
7.185930E-1	7.187900E-8
7.286432E-1	7.202100E-8
7.386935E-1	7.214100E-8
7.487437E-1	7.223900E-8
7.587940E-1	7.231900E-8
7.688442E-1	7.242500E-8
7.788945E-1	7.250800E-8
7.889447E-1	7.259600E-8
7.989950E-1	7.266500E-8
8.090452E-1	7.274900E-8
8.190955E-1	7.282100E-8
8.291457E-1	7.290500E-8
8.391960E-1	7.299600E-8
8.492462E-1	7.307600E-8
8.592965E-1	7.322100E-8
8.693467E-1	7.334900E-8
8.793970E-1	7.349100E-8
8.894472E-1	7.362500E-8
8.994975E-1	7.379600E-8
9.095477E-1	7.394900E-8
9.195980E-1	7.412300E-8
9.296482E-1	7.433100E-8
9.396985E-1	7.453500E-8
9.497487E-1	7.473100E-8
9.597990E-1	7.495000E-8
9.698492E-1	7.512000E-8
9.798995E-1	7.528400E-8
9.899497E-1	7.541500E-8
1.000000E+0	7.554600E-8
