#Wafer120502_z6s6_GK05_UI_Kennlinie 13.08.2012 12:55
#Axis X: V3
#Axis Y: I3
#Axis Y2: 
#VAR2: na Start: 0.000E+0 Stepsize: 100.000E-3
#UI_Kennlinie
-1.000000E+0	-4.212600E-3
-9.899497E-1	-4.032100E-3
-9.798995E-1	-3.839500E-3
-9.698492E-1	-3.642100E-3
-9.597990E-1	-3.445500E-3
-9.497487E-1	-3.248600E-3
-9.396985E-1	-3.056500E-3
-9.296482E-1	-2.869000E-3
-9.195980E-1	-2.699500E-3
-9.095477E-1	-2.520600E-3
-8.994975E-1	-2.347500E-3
-8.894472E-1	-2.179000E-3
-8.793970E-1	-2.017500E-3
-8.693467E-1	-1.861000E-3
-8.592965E-1	-1.712000E-3
-8.492462E-1	-1.569000E-3
-8.391960E-1	-1.433500E-3
-8.291457E-1	-1.303500E-3
-8.190955E-1	-1.181500E-3
-8.090452E-1	-1.066500E-3
-7.989950E-1	-9.582600E-4
-7.889447E-1	-8.573500E-4
-7.788945E-1	-7.634200E-4
-7.688442E-1	-6.755000E-4
-7.587940E-1	-5.946400E-4
-7.487437E-1	-5.201100E-4
-7.386935E-1	-4.523100E-4
-7.286432E-1	-3.902000E-4
-7.185930E-1	-3.347500E-4
-7.085427E-1	-2.841500E-4
-6.984925E-1	-2.393100E-4
-6.884422E-1	-1.991000E-4
-6.783920E-1	-1.641500E-4
-6.683417E-1	-1.335000E-4
-6.582915E-1	-1.073500E-4
-6.482412E-1	-8.548400E-5
-6.381910E-1	-6.686500E-5
-6.281407E-1	-5.154500E-5
-6.180905E-1	-3.940400E-5
-6.080402E-1	-2.986000E-5
-5.979899E-1	-2.261400E-5
-5.879397E-1	-1.711000E-5
-5.778894E-1	-1.305000E-5
-5.678392E-1	-1.005900E-5
-5.577889E-1	-7.879000E-6
-5.477387E-1	-6.279000E-6
-5.376884E-1	-5.106400E-6
-5.276382E-1	-4.231000E-6
-5.175879E-1	-3.567000E-6
-5.075377E-1	-3.055000E-6
-4.974874E-1	-2.659500E-6
-4.874372E-1	-2.344500E-6
-4.773869E-1	-2.092400E-6
-4.673367E-1	-1.886500E-6
-4.572864E-1	-1.716500E-6
-4.472362E-1	-1.571500E-6
-4.371859E-1	-1.447000E-6
-4.271357E-1	-1.340000E-6
-4.170854E-1	-1.244000E-6
-4.070352E-1	-1.158000E-6
-3.969849E-1	-1.080000E-6
-3.869347E-1	-1.006800E-6
-3.768844E-1	-9.399300E-7
-3.668342E-1	-8.770400E-7
-3.567839E-1	-8.183400E-7
-3.467337E-1	-7.625500E-7
-3.366834E-1	-7.104200E-7
-3.266332E-1	-6.603400E-7
-3.165829E-1	-6.127800E-7
-3.065327E-1	-5.671700E-7
-2.964824E-1	-5.243900E-7
-2.864322E-1	-4.833000E-7
-2.763819E-1	-4.445900E-7
-2.663317E-1	-4.073900E-7
-2.562814E-1	-3.722400E-7
-2.462312E-1	-3.387400E-7
-2.361809E-1	-3.070000E-7
-2.261307E-1	-2.766900E-7
-2.160804E-1	-2.483400E-7
-2.060302E-1	-2.215500E-7
-1.959799E-1	-1.962500E-7
-1.859296E-1	-1.723500E-7
-1.758794E-1	-1.501000E-7
-1.658291E-1	-1.291500E-7
-1.557789E-1	-1.097500E-7
-1.457286E-1	-9.078900E-8
-1.356784E-1	-7.421500E-8
-1.256281E-1	-5.877000E-8
-1.155779E-1	-4.468500E-8
-1.055276E-1	-3.172500E-8
-9.547739E-2	-2.003500E-8
-8.542714E-2	-9.325000E-9
-7.537688E-2	9.544600E-10
-6.532663E-2	9.454600E-9
-5.527638E-2	1.678000E-8
-4.522613E-2	2.316000E-8
-3.517588E-2	2.866000E-8
-2.512563E-2	3.343500E-8
-1.507538E-2	3.750600E-8
-5.025126E-3	4.098900E-8
5.025126E-3	4.390500E-8
1.507538E-2	4.637500E-8
2.512563E-2	4.841100E-8
3.517588E-2	5.009000E-8
4.522613E-2	5.149500E-8
5.527638E-2	5.269100E-8
6.532663E-2	5.365500E-8
7.537688E-2	5.446100E-8
8.542714E-2	5.520100E-8
9.547739E-2	5.583500E-8
1.055276E-1	5.639400E-8
1.155779E-1	5.693100E-8
1.256281E-1	5.742900E-8
1.356784E-1	5.787500E-8
1.457286E-1	5.831500E-8
1.557789E-1	5.876400E-8
1.658291E-1	5.919500E-8
1.758794E-1	5.961500E-8
1.859296E-1	6.001900E-8
1.959799E-1	6.046300E-8
2.060302E-1	6.089600E-8
2.160804E-1	6.132200E-8
2.261307E-1	6.175100E-8
2.361809E-1	6.215100E-8
2.462312E-1	6.258000E-8
2.562814E-1	6.299100E-8
2.663317E-1	6.339900E-8
2.763819E-1	6.381000E-8
2.864322E-1	6.423900E-8
2.964824E-1	6.470100E-8
3.065327E-1	6.512000E-8
3.165829E-1	6.556000E-8
3.266332E-1	6.597400E-8
3.366834E-1	6.637100E-8
3.467337E-1	6.679000E-8
3.567839E-1	6.719300E-8
3.668342E-1	6.757900E-8
3.768844E-1	6.800800E-8
3.869347E-1	6.838700E-8
3.969849E-1	6.877900E-8
4.070352E-1	6.917900E-8
4.170854E-1	6.956500E-8
4.271357E-1	6.996900E-8
4.371859E-1	7.035100E-8
4.472362E-1	7.075100E-8
4.572864E-1	7.111500E-8
4.673367E-1	7.147900E-8
4.773869E-1	7.184600E-8
4.874372E-1	7.222100E-8
4.974874E-1	7.255900E-8
5.075377E-1	7.293400E-8
5.175879E-1	7.326500E-8
5.276382E-1	7.361400E-8
5.376884E-1	7.396000E-8
5.477387E-1	7.426900E-8
5.577889E-1	7.459700E-8
5.678392E-1	7.493100E-8
5.778894E-1	7.529100E-8
5.879397E-1	7.561200E-8
5.979899E-1	7.592400E-8
6.080402E-1	7.625900E-8
6.180905E-1	7.660100E-8
6.281407E-1	7.691400E-8
6.381910E-1	7.724500E-8
6.482412E-1	7.756200E-8
6.582915E-1	7.783500E-8
6.683417E-1	7.811100E-8
6.783920E-1	7.843100E-8
6.884422E-1	7.872600E-8
6.984925E-1	7.903500E-8
7.085427E-1	7.935500E-8
7.185930E-1	7.963200E-8
7.286432E-1	7.994100E-8
7.386935E-1	8.024600E-8
7.487437E-1	8.055600E-8
7.587940E-1	8.084700E-8
7.688442E-1	8.112000E-8
7.788945E-1	8.141400E-8
7.889447E-1	8.165400E-8
7.989950E-1	8.195600E-8
8.090452E-1	8.218900E-8
8.190955E-1	8.246600E-8
8.291457E-1	8.272000E-8
8.391960E-1	8.297500E-8
8.492462E-1	8.323300E-8
8.592965E-1	8.346600E-8
8.693467E-1	8.373900E-8
8.793970E-1	8.400800E-8
8.894472E-1	8.424400E-8
8.994975E-1	8.447000E-8
9.095477E-1	8.475000E-8
9.195980E-1	8.504100E-8
9.296482E-1	8.527000E-8
9.396985E-1	8.554000E-8
9.497487E-1	8.579400E-8
9.597990E-1	8.600900E-8
9.698492E-1	8.623400E-8
9.798995E-1	8.652500E-8
9.899497E-1	8.673600E-8
1.000000E+0	8.695500E-8
