#Wafer120502_z1s6_Biggi_UI_Kennlinie 13.08.2012 18:01
#Axis X: V2
#Axis Y: I2
#Axis Y2: I3
#VAR2: na Start: 1.000E+0 Stepsize: 1.000E+0
#UI_Kennlinie
-1.000000E+0	-3.015400E-7
-9.899497E-1	-3.010500E-7
-9.798995E-1	-3.003500E-7
-9.698492E-1	-2.994900E-7
-9.597990E-1	-2.986900E-7
-9.497487E-1	-2.970900E-7
-9.396985E-1	-2.963900E-7
-9.296482E-1	-2.954500E-7
-9.195980E-1	-2.942000E-7
-9.095477E-1	-2.929400E-7
-8.994975E-1	-2.911000E-7
-8.894472E-1	-2.895000E-7
-8.793970E-1	-2.882000E-7
-8.693467E-1	-2.863400E-7
-8.592965E-1	-2.849000E-7
-8.492462E-1	-2.829500E-7
-8.391960E-1	-2.812400E-7
-8.291457E-1	-2.802000E-7
-8.190955E-1	-2.782500E-7
-8.090452E-1	-2.763400E-7
-7.989950E-1	-2.743500E-7
-7.889447E-1	-2.726000E-7
-7.788945E-1	-2.704500E-7
-7.688442E-1	-2.689900E-7
-7.587940E-1	-2.670000E-7
-7.487437E-1	-2.653000E-7
-7.386935E-1	-2.635900E-7
-7.286432E-1	-2.609900E-7
-7.185930E-1	-2.589900E-7
-7.085427E-1	-2.572500E-7
-6.984925E-1	-2.550900E-7
-6.884422E-1	-2.528400E-7
-6.783920E-1	-2.511500E-7
-6.683417E-1	-2.492000E-7
-6.582915E-1	-2.468000E-7
-6.482412E-1	-2.446900E-7
-6.381910E-1	-2.426400E-7
-6.281407E-1	-2.404400E-7
-6.180905E-1	-2.386500E-7
-6.080402E-1	-2.360500E-7
-5.979899E-1	-2.342900E-7
-5.879397E-1	-2.323900E-7
-5.778894E-1	-2.295000E-7
-5.678392E-1	-2.285500E-7
-5.577889E-1	-2.268900E-7
-5.477387E-1	-2.245400E-7
-5.376884E-1	-2.224500E-7
-5.276382E-1	-2.202900E-7
-5.175879E-1	-2.182000E-7
-5.075377E-1	-2.162000E-7
-4.974874E-1	-2.136900E-7
-4.874372E-1	-2.116000E-7
-4.773869E-1	-2.098000E-7
-4.673367E-1	-2.078500E-7
-4.572864E-1	-2.054400E-7
-4.472362E-1	-2.036000E-7
-4.371859E-1	-2.010500E-7
-4.271357E-1	-1.979000E-7
-4.170854E-1	-1.971000E-7
-4.070352E-1	-1.948000E-7
-3.969849E-1	-1.922500E-7
-3.869347E-1	-1.896500E-7
-3.768844E-1	-1.874000E-7
-3.668342E-1	-1.851400E-7
-3.567839E-1	-1.827900E-7
-3.467337E-1	-1.805500E-7
-3.366834E-1	-1.779500E-7
-3.266332E-1	-1.753900E-7
-3.165829E-1	-1.726400E-7
-3.065327E-1	-1.698500E-7
-2.964824E-1	-1.666000E-7
-2.864322E-1	-1.633500E-7
-2.763819E-1	-1.594500E-7
-2.663317E-1	-1.559500E-7
-2.562814E-1	-1.521500E-7
-2.462312E-1	-1.477500E-7
-2.361809E-1	-1.429900E-7
-2.261307E-1	-1.381000E-7
-2.160804E-1	-1.329500E-7
-2.060302E-1	-1.271500E-7
-1.959799E-1	-1.208500E-7
-1.859296E-1	-1.154000E-7
-1.758794E-1	-1.091000E-7
-1.658291E-1	-1.028000E-7
-1.557789E-1	-9.634800E-8
-1.457286E-1	-9.004700E-8
-1.356784E-1	-8.359700E-8
-1.256281E-1	-7.709900E-8
-1.155779E-1	-7.066400E-8
-1.055276E-1	-6.473000E-8
-9.547739E-2	-5.855500E-8
-8.542714E-2	-5.271100E-8
-7.537688E-2	-4.704400E-8
-6.532663E-2	-4.140500E-8
-5.527638E-2	-3.592000E-8
-4.522613E-2	-3.039500E-8
-3.517588E-2	-2.479500E-8
-2.512563E-2	-1.891500E-8
-1.507538E-2	-1.323500E-8
-5.025126E-3	-7.019900E-9
5.025126E-3	-3.049900E-10
1.507538E-2	6.780100E-9
2.512563E-2	1.458000E-8
3.517588E-2	2.310000E-8
4.522613E-2	3.271100E-8
5.527638E-2	4.341000E-8
6.532663E-2	5.545000E-8
7.537688E-2	6.943400E-8
8.542714E-2	8.559800E-8
9.547739E-2	1.038000E-7
1.055276E-1	1.251500E-7
1.155779E-1	1.489000E-7
1.256281E-1	1.761900E-7
1.356784E-1	2.069900E-7
1.457286E-1	2.420400E-7
1.557789E-1	2.833000E-7
1.658291E-1	3.296400E-7
1.758794E-1	3.833000E-7
1.859296E-1	4.447400E-7
1.959799E-1	5.157500E-7
2.060302E-1	5.955500E-7
2.160804E-1	6.874300E-7
2.261307E-1	7.906300E-7
2.361809E-1	9.069300E-7
2.462312E-1	1.056500E-6
2.562814E-1	1.217500E-6
2.663317E-1	1.397000E-6
2.763819E-1	1.611000E-6
2.864322E-1	1.849000E-6
2.964824E-1	2.130500E-6
3.065327E-1	2.456900E-6
3.165829E-1	2.830500E-6
3.266332E-1	3.275500E-6
3.366834E-1	3.773900E-6
3.467337E-1	4.393000E-6
3.567839E-1	5.113900E-6
3.668342E-1	6.001000E-6
3.768844E-1	7.058000E-6
3.869347E-1	8.368400E-6
3.969849E-1	1.000300E-5
4.070352E-1	1.211500E-5
4.170854E-1	1.472000E-5
4.271357E-1	1.804000E-5
4.371859E-1	2.241500E-5
4.472362E-1	2.811500E-5
4.572864E-1	3.572600E-5
4.673367E-1	4.589000E-5
4.773869E-1	5.976500E-5
4.874372E-1	7.863000E-5
4.974874E-1	1.046600E-4
5.075377E-1	1.391500E-4
5.175879E-1	1.883500E-4
5.276382E-1	2.561500E-4
5.376884E-1	3.502500E-4
5.477387E-1	4.792500E-4
5.577889E-1	6.546700E-4
5.678392E-1	8.886400E-4
5.778894E-1	1.199000E-3
5.879397E-1	1.594500E-3
5.979899E-1	2.089500E-3
6.080402E-1	2.686000E-3
6.180905E-1	3.391500E-3
6.281407E-1	4.198100E-3
6.381910E-1	5.109100E-3
6.482412E-1	6.104500E-3
6.582915E-1	7.192600E-3
6.683417E-1	8.348500E-3
6.783920E-1	9.573500E-3
6.884422E-1	1.080500E-2
6.984925E-1	1.212500E-2
7.085427E-1	1.350000E-2
7.185930E-1	1.491500E-2
7.286432E-1	1.636000E-2
7.386935E-1	1.784000E-2
7.487437E-1	1.934000E-2
7.587940E-1	2.087500E-2
7.688442E-1	2.242500E-2
7.788945E-1	2.400000E-2
7.889447E-1	2.559600E-2
7.989950E-1	2.720000E-2
8.090452E-1	2.881500E-2
8.190955E-1	3.044500E-2
8.291457E-1	3.208500E-2
8.391960E-1	3.374100E-2
8.492462E-1	3.540000E-2
8.592965E-1	3.707100E-2
8.693467E-1	3.873400E-2
8.793970E-1	4.042100E-2
8.894472E-1	4.209500E-2
8.994975E-1	4.378500E-2
9.095477E-1	4.546500E-2
9.195980E-1	4.716500E-2
9.296482E-1	4.885100E-2
9.396985E-1	5.054100E-2
9.497487E-1	5.221600E-2
9.597990E-1	5.391500E-2
9.698492E-1	5.559000E-2
9.798995E-1	5.729100E-2
9.899497E-1	5.897500E-2
1.000000E+0	6.066500E-2
