#Wafer120502_z6s6_SO_UI_Kennlinie 13.08.2012 12:07
#Axis X: V3
#Axis Y: I3
#Axis Y2: 
#VAR2: na Start: 0.000E+0 Stepsize: 100.000E-3
#UI_Kennlinie
-1.000000E+0	-4.005000E-7
-9.899497E-1	-4.026900E-7
-9.798995E-1	-4.047900E-7
-9.698492E-1	-4.063500E-7
-9.597990E-1	-4.077400E-7
-9.497487E-1	-4.092000E-7
-9.396985E-1	-4.103500E-7
-9.296482E-1	-4.114400E-7
-9.195980E-1	-4.121000E-7
-9.095477E-1	-4.128400E-7
-8.994975E-1	-4.138400E-7
-8.894472E-1	-4.147400E-7
-8.793970E-1	-4.151900E-7
-8.693467E-1	-4.159400E-7
-8.592965E-1	-4.166900E-7
-8.492462E-1	-4.171500E-7
-8.391960E-1	-4.178400E-7
-8.291457E-1	-4.188500E-7
-8.190955E-1	-4.192000E-7
-8.090452E-1	-4.196900E-7
-7.989950E-1	-4.205400E-7
-7.889447E-1	-4.210500E-7
-7.788945E-1	-4.216400E-7
-7.688442E-1	-4.220900E-7
-7.587940E-1	-4.223000E-7
-7.487437E-1	-4.226900E-7
-7.386935E-1	-4.232000E-7
-7.286432E-1	-4.237900E-7
-7.185930E-1	-4.240400E-7
-7.085427E-1	-4.240900E-7
-6.984925E-1	-4.245400E-7
-6.884422E-1	-4.248000E-7
-6.783920E-1	-4.249900E-7
-6.683417E-1	-4.254000E-7
-6.582915E-1	-4.255400E-7
-6.482412E-1	-4.258500E-7
-6.381910E-1	-4.260900E-7
-6.281407E-1	-4.261400E-7
-6.180905E-1	-4.265500E-7
-6.080402E-1	-4.268900E-7
-5.979899E-1	-4.268900E-7
-5.879397E-1	-4.272400E-7
-5.778894E-1	-4.272900E-7
-5.678392E-1	-4.276400E-7
-5.577889E-1	-4.277000E-7
-5.477387E-1	-4.277000E-7
-5.376884E-1	-4.279900E-7
-5.276382E-1	-4.280400E-7
-5.175879E-1	-4.279400E-7
-5.075377E-1	-4.280900E-7
-4.974874E-1	-4.280900E-7
-4.874372E-1	-4.279900E-7
-4.773869E-1	-4.279000E-7
-4.673367E-1	-4.277000E-7
-4.572864E-1	-4.274900E-7
-4.472362E-1	-4.273500E-7
-4.371859E-1	-4.270000E-7
-4.271357E-1	-4.267900E-7
-4.170854E-1	-4.266900E-7
-4.070352E-1	-4.263000E-7
-3.969849E-1	-4.259900E-7
-3.869347E-1	-4.255000E-7
-3.768844E-1	-4.252400E-7
-3.668342E-1	-4.248900E-7
-3.567839E-1	-4.243900E-7
-3.467337E-1	-4.240000E-7
-3.366834E-1	-4.235900E-7
-3.266332E-1	-4.229400E-7
-3.165829E-1	-4.222400E-7
-3.065327E-1	-4.219500E-7
-2.964824E-1	-4.213900E-7
-2.864322E-1	-4.207000E-7
-2.763819E-1	-4.196900E-7
-2.663317E-1	-4.192400E-7
-2.562814E-1	-4.182900E-7
-2.462312E-1	-4.176400E-7
-2.361809E-1	-4.166900E-7
-2.261307E-1	-4.159400E-7
-2.160804E-1	-4.149900E-7
-2.060302E-1	-4.141900E-7
-1.959799E-1	-4.130400E-7
-1.859296E-1	-4.120400E-7
-1.758794E-1	-4.111500E-7
-1.658291E-1	-4.099400E-7
-1.557789E-1	-4.088400E-7
-1.457286E-1	-4.076400E-7
-1.356784E-1	-4.065400E-7
-1.256281E-1	-4.049900E-7
-1.155779E-1	-4.035400E-7
-1.055276E-1	-4.020000E-7
-9.547739E-2	-4.002400E-7
-8.542714E-2	-3.985500E-7
-7.537688E-2	-3.966000E-7
-6.532663E-2	-3.947500E-7
-5.527638E-2	-3.924900E-7
-4.522613E-2	-3.903000E-7
-3.517588E-2	-3.877900E-7
-2.512563E-2	-3.852900E-7
-1.507538E-2	-3.822900E-7
-5.025126E-3	-3.793000E-7
5.025126E-3	-3.759500E-7
1.507538E-2	-3.720500E-7
2.512563E-2	-3.675400E-7
3.517588E-2	-3.626900E-7
4.522613E-2	-3.571900E-7
5.527638E-2	-3.514400E-7
6.532663E-2	-3.444400E-7
7.537688E-2	-3.371400E-7
8.542714E-2	-3.288400E-7
9.547739E-2	-3.194000E-7
1.055276E-1	-3.091400E-7
1.155779E-1	-2.974000E-7
1.256281E-1	-2.846900E-7
1.356784E-1	-2.709400E-7
1.457286E-1	-2.557500E-7
1.557789E-1	-2.390400E-7
1.658291E-1	-2.205500E-7
1.758794E-1	-2.005500E-7
1.859296E-1	-1.789500E-7
1.959799E-1	-1.550500E-7
2.060302E-1	-1.290000E-7
2.160804E-1	-1.008000E-7
2.261307E-1	-6.949600E-8
2.361809E-1	-3.634500E-8
2.462312E-1	-5.900100E-10
2.562814E-1	3.834400E-8
2.663317E-1	8.164700E-8
2.763819E-1	1.278000E-7
2.864322E-1	1.776500E-7
2.964824E-1	2.323400E-7
3.065327E-1	2.912000E-7
3.165829E-1	3.554400E-7
3.266332E-1	4.255000E-7
3.366834E-1	5.025400E-7
3.467337E-1	5.863200E-7
3.567839E-1	6.787000E-7
3.668342E-1	7.802400E-7
3.768844E-1	8.929300E-7
3.869347E-1	1.017400E-6
3.969849E-1	1.158500E-6
4.070352E-1	1.313500E-6
4.170854E-1	1.490500E-6
4.271357E-1	1.690500E-6
4.371859E-1	1.921000E-6
4.472362E-1	2.188000E-6
4.572864E-1	2.500500E-6
4.673367E-1	2.867000E-6
4.773869E-1	3.305500E-6
4.874372E-1	3.831500E-6
4.974874E-1	4.469900E-6
5.075377E-1	5.255900E-6
5.175879E-1	6.232400E-6
5.276382E-1	7.466400E-6
5.376884E-1	9.043600E-6
5.477387E-1	1.107000E-5
5.577889E-1	1.372500E-5
5.678392E-1	1.717000E-5
5.778894E-1	2.174500E-5
5.879397E-1	2.765900E-5
5.979899E-1	3.539000E-5
6.080402E-1	4.514500E-5
6.180905E-1	5.736000E-5
6.281407E-1	7.211400E-5
6.381910E-1	8.976800E-5
6.482412E-1	1.096500E-4
6.582915E-1	1.328500E-4
6.683417E-1	1.585000E-4
6.783920E-1	1.867500E-4
6.884422E-1	2.170500E-4
6.984925E-1	2.498500E-4
7.085427E-1	2.844500E-4
7.185930E-1	3.210000E-4
7.286432E-1	3.592500E-4
7.386935E-1	3.992500E-4
7.487437E-1	4.403000E-4
7.587940E-1	4.830500E-4
7.688442E-1	5.269900E-4
7.788945E-1	5.725600E-4
7.889447E-1	6.189900E-4
7.989950E-1	6.670100E-4
8.090452E-1	7.159400E-4
8.190955E-1	7.660100E-4
8.291457E-1	8.170000E-4
8.391960E-1	8.693900E-4
8.492462E-1	9.228600E-4
8.592965E-1	9.774000E-4
8.693467E-1	1.032800E-3
8.793970E-1	1.090000E-3
8.894472E-1	1.147500E-3
8.994975E-1	1.206000E-3
9.095477E-1	1.266000E-3
9.195980E-1	1.327500E-3
9.296482E-1	1.388500E-3
9.396985E-1	1.451500E-3
9.497487E-1	1.515500E-3
9.597990E-1	1.580500E-3
9.698492E-1	1.646500E-3
9.798995E-1	1.713500E-3
9.899497E-1	1.781500E-3
1.000000E+0	1.850500E-3
