#Wafer120502_z6s6_GK02_UI_Kennlinie 13.08.2012 13:02
#Axis X: V3
#Axis Y: I3
#Axis Y2: 
#VAR2: na Start: 0.000E+0 Stepsize: 100.000E-3
#UI_Kennlinie
-1.000000E+0	-3.714600E-3
-9.899497E-1	-3.555500E-3
-9.798995E-1	-3.388500E-3
-9.698492E-1	-3.219500E-3
-9.597990E-1	-3.050000E-3
-9.497487E-1	-2.881500E-3
-9.396985E-1	-2.717000E-3
-9.296482E-1	-2.556600E-3
-9.195980E-1	-2.398500E-3
-9.095477E-1	-2.257000E-3
-8.994975E-1	-2.107500E-3
-8.894472E-1	-1.963000E-3
-8.793970E-1	-1.822500E-3
-8.693467E-1	-1.687500E-3
-8.592965E-1	-1.557500E-3
-8.492462E-1	-1.433500E-3
-8.391960E-1	-1.313500E-3
-8.291457E-1	-1.199500E-3
-8.190955E-1	-1.090500E-3
-8.090452E-1	-9.886000E-4
-7.989950E-1	-8.913600E-4
-7.889447E-1	-8.009100E-4
-7.788945E-1	-7.154600E-4
-7.688442E-1	-6.359500E-4
-7.587940E-1	-5.618000E-4
-7.487437E-1	-4.934700E-4
-7.386935E-1	-4.304000E-4
-7.286432E-1	-3.730500E-4
-7.185930E-1	-3.206600E-4
-7.085427E-1	-2.733500E-4
-6.984925E-1	-2.306000E-4
-6.884422E-1	-1.926500E-4
-6.783920E-1	-1.591000E-4
-6.683417E-1	-1.299000E-4
-6.582915E-1	-1.046000E-4
-6.482412E-1	-8.355100E-5
-6.381910E-1	-6.534900E-5
-6.281407E-1	-5.056000E-5
-6.180905E-1	-3.865500E-5
-6.080402E-1	-2.938500E-5
-5.979899E-1	-2.224500E-5
-5.879397E-1	-1.692000E-5
-5.778894E-1	-1.291500E-5
-5.678392E-1	-9.994500E-6
-5.577889E-1	-7.841300E-6
-5.477387E-1	-6.269400E-6
-5.376884E-1	-5.095500E-6
-5.276382E-1	-4.222400E-6
-5.175879E-1	-3.548000E-6
-5.075377E-1	-3.028400E-6
-4.974874E-1	-2.618500E-6
-4.874372E-1	-2.295900E-6
-4.773869E-1	-2.031400E-6
-4.673367E-1	-1.819500E-6
-4.572864E-1	-1.642500E-6
-4.472362E-1	-1.494000E-6
-4.371859E-1	-1.367000E-6
-4.271357E-1	-1.258000E-6
-4.170854E-1	-1.162000E-6
-4.070352E-1	-1.077500E-6
-3.969849E-1	-1.001100E-6
-3.869347E-1	-9.317300E-7
-3.768844E-1	-8.678700E-7
-3.668342E-1	-8.087300E-7
-3.567839E-1	-7.531800E-7
-3.467337E-1	-7.011400E-7
-3.366834E-1	-6.523300E-7
-3.266332E-1	-6.061400E-7
-3.165829E-1	-5.621400E-7
-3.065327E-1	-5.206400E-7
-2.964824E-1	-4.808500E-7
-2.864322E-1	-4.432900E-7
-2.763819E-1	-4.073900E-7
-2.663317E-1	-3.736500E-7
-2.562814E-1	-3.413000E-7
-2.462312E-1	-3.107000E-7
-2.361809E-1	-2.814900E-7
-2.261307E-1	-2.539500E-7
-2.160804E-1	-2.276900E-7
-2.060302E-1	-2.032500E-7
-1.959799E-1	-1.798000E-7
-1.859296E-1	-1.577900E-7
-1.758794E-1	-1.369000E-7
-1.658291E-1	-1.174000E-7
-1.557789E-1	-9.861100E-8
-1.457286E-1	-8.154500E-8
-1.356784E-1	-6.546900E-8
-1.256281E-1	-5.053500E-8
-1.155779E-1	-3.659400E-8
-1.055276E-1	-2.370000E-8
-9.547739E-2	-1.171500E-8
-8.542714E-2	-6.059800E-10
-7.537688E-2	9.695200E-9
-6.532663E-2	1.910000E-8
-5.527638E-2	2.739000E-8
-4.522613E-2	3.485000E-8
-3.517588E-2	4.167500E-8
-2.512563E-2	4.773000E-8
-1.507538E-2	5.314500E-8
-5.025126E-3	5.794600E-8
5.025126E-3	6.220600E-8
1.507538E-2	6.594500E-8
2.512563E-2	6.923100E-8
3.517588E-2	7.205400E-8
4.522613E-2	7.451600E-8
5.527638E-2	7.658600E-8
6.532663E-2	7.834000E-8
7.537688E-2	7.981400E-8
8.542714E-2	8.110800E-8
9.547739E-2	8.215600E-8
1.055276E-1	8.308000E-8
1.155779E-1	8.381100E-8
1.256281E-1	8.441600E-8
1.356784E-1	8.492500E-8
1.457286E-1	8.537600E-8
1.557789E-1	8.571100E-8
1.658291E-1	8.599100E-8
1.758794E-1	8.628600E-8
1.859296E-1	8.653600E-8
1.959799E-1	8.675100E-8
2.060302E-1	8.699100E-8
2.160804E-1	8.718000E-8
2.261307E-1	8.735800E-8
2.361809E-1	8.752600E-8
2.462312E-1	8.770400E-8
2.562814E-1	8.787500E-8
2.663317E-1	8.804600E-8
2.763819E-1	8.821000E-8
2.864322E-1	8.837300E-8
2.964824E-1	8.851600E-8
3.065327E-1	8.870500E-8
3.165829E-1	8.885000E-8
3.266332E-1	8.898100E-8
3.366834E-1	8.915600E-8
3.467337E-1	8.930900E-8
3.567839E-1	8.947600E-8
3.668342E-1	8.964000E-8
3.768844E-1	8.980300E-8
3.869347E-1	8.993500E-8
3.969849E-1	9.010900E-8
4.070352E-1	9.025100E-8
4.170854E-1	9.037400E-8
4.271357E-1	9.052000E-8
4.371859E-1	9.065500E-8
4.472362E-1	9.078500E-8
4.572864E-1	9.090900E-8
4.673367E-1	9.105800E-8
4.773869E-1	9.117500E-8
4.874372E-1	9.127300E-8
4.974874E-1	9.141100E-8
5.075377E-1	9.153900E-8
5.175879E-1	9.165100E-8
5.276382E-1	9.177100E-8
5.376884E-1	9.189500E-8
5.477387E-1	9.198600E-8
5.577889E-1	9.208100E-8
5.678392E-1	9.221900E-8
5.778894E-1	9.233900E-8
5.879397E-1	9.241500E-8
5.979899E-1	9.248500E-8
6.080402E-1	9.258600E-8
6.180905E-1	9.267300E-8
6.281407E-1	9.276100E-8
6.381910E-1	9.285900E-8
6.482412E-1	9.291000E-8
6.582915E-1	9.298700E-8
6.683417E-1	9.305600E-8
6.783920E-1	9.315000E-8
6.884422E-1	9.325900E-8
6.984925E-1	9.334000E-8
7.085427E-1	9.343000E-8
7.185930E-1	9.351000E-8
7.286432E-1	9.362300E-8
7.386935E-1	9.373900E-8
7.487437E-1	9.379400E-8
7.587940E-1	9.386000E-8
7.688442E-1	9.394300E-8
7.788945E-1	9.403400E-8
7.889447E-1	9.410400E-8
7.989950E-1	9.416900E-8
8.090452E-1	9.424900E-8
8.190955E-1	9.431500E-8
8.291457E-1	9.439100E-8
8.391960E-1	9.447100E-8
8.492462E-1	9.456900E-8
8.592965E-1	9.462000E-8
8.693467E-1	9.470000E-8
8.793970E-1	9.475800E-8
8.894472E-1	9.484900E-8
8.994975E-1	9.491100E-8
9.095477E-1	9.495800E-8
9.195980E-1	9.502000E-8
9.296482E-1	9.509700E-8
9.396985E-1	9.511500E-8
9.497487E-1	9.518400E-8
9.597990E-1	9.523900E-8
9.698492E-1	9.528900E-8
9.798995E-1	9.534400E-8
9.899497E-1	9.539900E-8
1.000000E+0	9.550400E-8
