#Wafer120502_z6s6_KO3 _UI_Kennlinie 13.08.2012 12:39
#Axis X: V3
#Axis Y: I3
#Axis Y2: 
#VAR2: na Start: 0.000E+0 Stepsize: 100.000E-3
#UI_Kennlinie
-1.000000E+0	-1.000800E-2
-9.899497E-1	-1.000800E-2
-9.798995E-1	-1.000900E-2
-9.698492E-1	-1.000800E-2
-9.597990E-1	-1.000800E-2
-9.497487E-1	-1.000800E-2
-9.396985E-1	-1.000800E-2
-9.296482E-1	-1.000800E-2
-9.195980E-1	-1.000800E-2
-9.095477E-1	-1.000800E-2
-8.994975E-1	-1.000800E-2
-8.894472E-1	-1.000800E-2
-8.793970E-1	-1.000800E-2
-8.693467E-1	-1.000800E-2
-8.592965E-1	-1.000800E-2
-8.492462E-1	-1.000800E-2
-8.391960E-1	-1.000800E-2
-8.291457E-1	-1.000800E-2
-8.190955E-1	-1.000800E-2
-8.090452E-1	-1.000800E-2
-7.989950E-1	-1.000800E-2
-7.889447E-1	-1.000800E-2
-7.788945E-1	-1.000800E-2
-7.688442E-1	-1.000800E-2
-7.587940E-1	-1.000800E-2
-7.487437E-1	-1.000800E-2
-7.386935E-1	-1.000800E-2
-7.286432E-1	-1.000800E-2
-7.185930E-1	-1.000800E-2
-7.085427E-1	-1.000800E-2
-6.984925E-1	-1.000800E-2
-6.884422E-1	-1.000800E-2
-6.783920E-1	-1.000800E-2
-6.683417E-1	-1.000800E-2
-6.582915E-1	-1.000800E-2
-6.482412E-1	-1.000800E-2
-6.381910E-1	-1.000800E-2
-6.281407E-1	-1.000800E-2
-6.180905E-1	-1.000800E-2
-6.080402E-1	-1.000800E-2
-5.979899E-1	-1.000800E-2
-5.879397E-1	-1.000800E-2
-5.778894E-1	-1.000800E-2
-5.678392E-1	-1.000800E-2
-5.577889E-1	-1.000800E-2
-5.477387E-1	-1.000800E-2
-5.376884E-1	-1.000800E-2
-5.276382E-1	-1.000800E-2
-5.175879E-1	-1.000800E-2
-5.075377E-1	-1.000800E-2
-4.974874E-1	-1.000800E-2
-4.874372E-1	-1.000800E-2
-4.773869E-1	-1.000800E-2
-4.673367E-1	-1.000800E-2
-4.572864E-1	-1.000800E-2
-4.472362E-1	-1.000900E-2
-4.371859E-1	-1.000800E-2
-4.271357E-1	-1.000800E-2
-4.170854E-1	-1.000900E-2
-4.070352E-1	-1.000800E-2
-3.969849E-1	-1.000800E-2
-3.869347E-1	-1.000800E-2
-3.768844E-1	-1.000900E-2
-3.668342E-1	-1.000800E-2
-3.567839E-1	-1.000800E-2
-3.467337E-1	-1.000800E-2
-3.366834E-1	-1.000800E-2
-3.266332E-1	-1.000800E-2
-3.165829E-1	-1.000800E-2
-3.065327E-1	-1.000800E-2
-2.964824E-1	-1.000800E-2
-2.864322E-1	-1.000800E-2
-2.763819E-1	-1.000800E-2
-2.663317E-1	-1.000800E-2
-2.562814E-1	-1.000800E-2
-2.462312E-1	-9.703100E-3
-2.361809E-1	-9.316000E-3
-2.261307E-1	-8.924000E-3
-2.160804E-1	-8.531100E-3
-2.060302E-1	-8.141000E-3
-1.959799E-1	-7.750000E-3
-1.859296E-1	-7.357100E-3
-1.758794E-1	-6.969400E-3
-1.658291E-1	-6.574600E-3
-1.557789E-1	-6.186000E-3
-1.457286E-1	-5.796000E-3
-1.356784E-1	-5.409000E-3
-1.256281E-1	-5.016100E-3
-1.155779E-1	-4.627500E-3
-1.055276E-1	-4.239100E-3
-9.547739E-2	-3.848600E-3
-8.542714E-2	-3.458500E-3
-7.537688E-2	-3.074100E-3
-6.532663E-2	-2.686000E-3
-5.527638E-2	-2.298500E-3
-4.522613E-2	-1.909500E-3
-3.517588E-2	-1.524000E-3
-2.512563E-2	-1.136000E-3
-1.507538E-2	-7.546500E-4
-5.025126E-3	-3.688500E-4
5.025126E-3	1.589500E-5
1.507538E-2	4.006000E-4
2.512563E-2	7.811200E-4
3.517588E-2	1.165000E-3
4.522613E-2	1.543500E-3
5.527638E-2	1.926500E-3
6.532663E-2	2.304100E-3
7.537688E-2	2.688500E-3
8.542714E-2	3.066500E-3
9.547739E-2	3.443000E-3
1.055276E-1	3.814000E-3
1.155779E-1	4.205000E-3
1.256281E-1	4.576400E-3
1.356784E-1	4.940000E-3
1.457286E-1	5.311000E-3
1.557789E-1	5.682500E-3
1.658291E-1	6.054200E-3
1.758794E-1	6.423900E-3
1.859296E-1	6.796600E-3
1.959799E-1	7.151100E-3
2.060302E-1	7.518100E-3
2.160804E-1	7.898300E-3
2.261307E-1	8.267900E-3
2.361809E-1	8.616900E-3
2.462312E-1	8.968800E-3
2.562814E-1	9.336000E-3
2.663317E-1	9.698900E-3
2.763819E-1	9.996400E-3
2.864322E-1	9.996400E-3
2.964824E-1	9.996400E-3
3.065327E-1	9.996400E-3
3.165829E-1	9.996400E-3
3.266332E-1	9.996400E-3
3.366834E-1	9.996400E-3
3.467337E-1	9.996400E-3
3.567839E-1	9.996400E-3
3.668342E-1	9.996400E-3
3.768844E-1	9.996400E-3
3.869347E-1	9.996400E-3
3.969849E-1	9.996400E-3
4.070352E-1	9.996400E-3
4.170854E-1	9.996400E-3
4.271357E-1	9.996400E-3
4.371859E-1	9.996400E-3
4.472362E-1	9.996400E-3
4.572864E-1	9.996400E-3
4.673367E-1	9.996400E-3
4.773869E-1	9.996400E-3
4.874372E-1	9.996400E-3
4.974874E-1	9.996400E-3
5.075377E-1	9.996400E-3
5.175879E-1	9.996400E-3
5.276382E-1	9.996400E-3
5.376884E-1	9.996400E-3
5.477387E-1	9.996400E-3
5.577889E-1	9.996400E-3
5.678392E-1	9.996400E-3
5.778894E-1	9.996400E-3
5.879397E-1	9.996400E-3
5.979899E-1	9.996400E-3
6.080402E-1	9.996400E-3
6.180905E-1	9.996400E-3
6.281407E-1	9.996400E-3
6.381910E-1	9.996400E-3
6.482412E-1	9.996400E-3
6.582915E-1	9.996400E-3
6.683417E-1	9.996400E-3
6.783920E-1	9.996400E-3
6.884422E-1	9.996400E-3
6.984925E-1	9.996400E-3
7.085427E-1	9.996400E-3
7.185930E-1	9.996400E-3
7.286432E-1	9.996400E-3
7.386935E-1	9.996400E-3
7.487437E-1	9.996400E-3
7.587940E-1	9.996400E-3
7.688442E-1	9.996400E-3
7.788945E-1	9.996400E-3
7.889447E-1	9.996400E-3
7.989950E-1	9.996400E-3
8.090452E-1	9.996400E-3
8.190955E-1	9.996400E-3
8.291457E-1	9.996400E-3
8.391960E-1	9.996400E-3
8.492462E-1	9.996400E-3
8.592965E-1	9.996400E-3
8.693467E-1	9.996400E-3
8.793970E-1	9.996400E-3
8.894472E-1	9.996400E-3
8.994975E-1	9.996400E-3
9.095477E-1	9.996400E-3
9.195980E-1	9.996400E-3
9.296482E-1	9.996400E-3
9.396985E-1	9.996400E-3
9.497487E-1	9.996400E-3
9.597990E-1	9.996400E-3
9.698492E-1	9.996400E-3
9.798995E-1	9.996400E-3
9.899497E-1	9.996400E-3
1.000000E+0	9.996400E-3
